This file contains sample input for the maze in samples/maze1
Every line separated input is data for one node
For each node we need 10 data points as follows

X
Y
prevDir
currDir
dist
end
north
east
south
west

---------------------------------------------

0
1
0
2
1
0
-1
0
0
0

1
2
1
1
4
0
0
0
-1
0

1
3
0
2
1
0
-1
0
0
0

2
4
1
2
2
0
0
0
0
0

2
5
0
2
1
0
0
-1
0
0

2
6
0
2
1
0
0
-1
0
0

0
7
0
1
3
0
0
0
-1
0

0
8
0
2
1
1
-1
-1
0
-1

0
7
2
0
1
0
0
0
-1
0

-2
6
3
0
3
0
0
0
0
-1

0
6
1
3
2
0
-1
0
0
0

1
6
1
3
1
0
-1
0
0
0

2
6
1
3
1
0
0
-1
0
0

1
6
3
1
1
0
-1
0
0
0

2
5
2
3
2
0
0
-1
0
0

2
4
2
0
1
0
0
0
0
0

3
4
1
3
1
0
-1
-1
-1
0

2
4
3
1
1
0
0
0
0
0

0
4
3
1
2
0
0
0
-1
0

0
6
0
2
2
0
-1
0
0
0

0
4
2
0
2
0
0
0
-1
0

-2
4
3
1
2
0
0
0
0
0

-2
6
0
2
2
0
0
0
0
-1

-2
4
2
0
2
0
0
0
0
0

-1
3
2
3
2
0
-1
0
0
0

1
3
1
3
2
0
-1
0
0
0

-1
3
3
1
2
0
-1
0
0
0

-1
2
2
0
1
0
0
0
-1
0

1
2
1
3
2
0
0
0
-1
0

-1
2
3
1
2
0
0
0
-1
0

0
1
3
3
4
0
-1
0
0
0

-2
4
3
2
7
0
0
0
0
0

-3
4
3
1
1
0
-1
0
-1
-1








